843.277202072539	1558.63471502591
540.354922279793	1558.63471502591
279.215025906736	1394.98704663212
98.1580310880829	1401.95077720207
167.795336787565	1182.59326424870
408.044041450777	1266.15803108808
324.479274611399	1161.70207253886
387.152849740933	1137.32901554404
509.018134715026	1196.52072538860
634.365284974093	1210.44818652850
738.821243523316	1241.78497409326
804.976683937824	1325.34974093264
989.515544041451	1436.76943005181
1174.05440414508	1391.50518134715
1254.13730569948	1492.47927461140
1337.70207253886	1461.14248704663
1532.68652849741	1523.81606217617
1414.30310880829	1478.55181347150
1083.52590673575	1903.33937823834
1215.83678756477	1656.12694300518
1156.64507772021	1774.51036269430
1362.07512953368	1858.07512953368
1435.19430051814	1892.89378238342
1396.89378238342	1750.13730569948
1470.01295336788	1743.17357512953
1414.30310880829	1642.19948186529
1250.65544041451	1732.72797927461
1793.82642487047	1523.81606217617
1689.37046632124	1440.25129533679
1960.95595854922	1558.63471502591
2044.52072538860	1603.89896373057
2037.55699481865	1388.02331606218
1790.34455958549	1784.95595854922
1658.03367875648	1774.51036269430
1682.40673575130	1858.07512953368
2107.19430051814	1781.47409326425
1912.20984455959	1875.48445595855
2385.74352331606	1875.48445595855
2420.56217616580	1697.90932642487
2552.87305699482	1889.41191709845
2389.22538860104	1523.81606217617
2685.18393782383	1677.01813471503
2779.19430051814	1673.53626943005
2848.83160621762	1704.87305699482
2563.31865284974	1520.33419689119
2504.12694300518	1509.88860103627
2256.91450777202	1464.62435233161
2187.27720207254	1419.36010362694
1706.77979274611	1332.31347150259
1588.39637305700	1328.83160621762
1487.42227979275	1064.20984455959
1080.04404145078	1018.94559585492
951.215025906736	1029.39119170984
916.396373056995	1001.53626943005
665.702072538860	1025.90932642487
721.411917098446	1011.98186528497
791.049222797928	904.044041450777
192.168393782383	970.199481865285
616.955958549223	1099.02849740933
467.235751295337	942.344559585492
279.215025906736	963.235751295337
126.012953367876	876.189119170984
42.4481865284974	841.370466321243
84.2305699481865	768.251295336787
254.841968911917	757.805699481865
334.924870466321	670.759067357513
811.940414507772	813.515544041451
958.178756476684	848.334196891192
1013.88860103627	897.080310880829
1156.64507772021	966.717616580311
1658.03367875648	1112.95595854922
679.629533678757	1119.91968911917
307.069948186529	1078.13730569948
185.204663212435	1085.10103626943
87.7124352331606	1057.24611398964
108.603626943005	984.126943005181
108.603626943005	695.132124352331
665.702072538860	816.997409326425
515.981865284974	886.634715025907
533.391191709845	834.406735751295
394.116580310881	702.095854922280
369.743523316062	646.386010362694
1208.87305699482	1273.12176165803
1720.70725388601	1234.82124352332
1842.57253886010	1304.45854922280
2075.85751295337	1294.01295336788
2838.38601036270	1586.48963730570
2650.36528497409	1457.66062176166
2538.94559585492	1394.98704663212
2458.86269430052	1360.16839378238
2267.36010362694	1356.68652849741
2215.13212435233	1318.38601036269
2107.19430051814	1241.78497409326
1856.50000000000	1241.78497409326
2431.09067357513	1456.79015544041
2194.32383419689	1216.54145077720
2143.83678756477	1185.20466321244
2342.30310880829	1223.50518134715
2283.11139896373	1247.87823834197
2406.71761658031	1261.80569948187
2552.95595854922	1338.40673575130
2516.39637305700	1275.73316062176
2492.02331606218	1251.36010362694
1729.49481865285	1488.12694300518
288.790155440416	588.935233160621
269.639896373059	583.712435233160
210.448186528499	568.044041450777
236.562176165805	465.329015544041
269.639896373059	427.028497409326
288.790155440416	470.551813471502
354.945595854924	514.075129533678
391.505181347152	496.665803108808
407.173575129535	480.997409326424
372.354922279795	467.069948186528
488.997409326427	463.588082901554
520.334196891193	555.857512953367
480.292746113991	561.080310880829
593.453367875649	585.453367875647
1166.22020725389	850.075129533678
1101.80569948187	750.841968911917
751.878238341971	653.349740932642
758.841968911919	639.422279792746
114.696891191712	494.924870466321
139.069948186530	531.484455958549
128.624352331608	548.893782383419
102.510362694302	350.427461139896
411.525906735749	1429.80569948187
266.945595854922	391.339378238342
188.603626943005	353.038860103627
632.541450777202	595.028497409326
157.266839378238	789.142487046632
185.121761658031	639.422279792746
94.5932642487046	615.049222797927
47.5880829015544	573.266839378238
31.9196891191710	479.256476683938
73.7020725388601	480.997409326425
71.9611398963730	440.955958549223
19.7331606217616	404.396373056994
23.2150259067357	902.303108808290
19.7331606217616	769.992227979274
35.4015544041451	721.246113989637
21.4740932642487	679.463730569948
406.220207253886	844.852331606217
287.836787564767	867.484455958549
263.463730569948	820.479274611399
221.681347150259	787.401554404145
174.676165803109	726.468911917098
306.987046632124	909.266839378238
223.422279792746	886.634715025906
108.520725388601	1018.94559585492
347.028497409326	999.795336787565
399.256476683938	1031.13212435233
475.857512953368	742.137305699482
501.971502590674	702.095854922280
533.308290155440	735.173575129533
709.142487046632	949.308290155440
677.805699481865	924.935233160622
696.955958549223	897.080310880829
637.764248704663	862.261658031088
702.178756476684	749.101036269430
629.059585492228	719.505181347150
566.386010362694	674.240932642487
535.049222797927	688.168393782383
413.183937823834	639.422279792746
427.111398963731	615.049222797927
430.593264248705	686.427461139896
451.484455958549	649.867875647668
463.670984455959	615.049222797927
461.930051813471	592.417098445596
148.562176165803	597.639896373057
100.645077720207	433.121761658031
157.225388601036	439.215025906735
190.303108808290	507.111398963730
224.251295336788	529.743523316062
70.1787564766839	535.836787564767
105.867875647668	565.432642487046
258.199481865285	616.790155440414
243.401554404145	658.572538860103
218.158031088083	639.422279792746
192.914507772021	402.655440414507
245.142487046632	427.898963730570
186.821243523316	433.992227979274
38.8419689119171	322.572538860103
64.9559585492228	316.479274611399
106.738341968912	386.116580310880
66.6968911917098	380.893782383419
128.500000000000	341.722797927461
291.277202072539	411.360103626943
300.852331606218	386.987046632124
320.873056994819	427.898963730570
374.841968911917	394.821243523316
402.696891191710	538.448186528497
373.971502590674	499.277202072539
433.163212435233	511.463730569948
481.038860103627	516.686528497409
513.246113989637	621.142487046632
565.474093264249	599.380829015544
552.417098445596	554.116580310880
569.826424870466	552.375647668393
582.883419689119	547.152849740932
629.888601036269	528.002590673575
667.318652849741	601.121761658031
668.189119170984	686.427461139896
635.981865284974	660.313471502590
689.080310880829	586.323834196891
703.007772020725	590.676165803109
735.215025906736	556.727979274611
676.893782383420	524.520725388601
551.546632124352	459.235751295336
584.624352331606	452.272020725388
651.650259067358	450.531088082901
687.339378238342	440.955958549222
730.862694300518	427.898963730570
751.753886010363	430.510362694300
545.453367875648	340.852331606217
519.339378238342	339.111398963730
412.272020725389	393.950777202072
393.992227979275	430.510362694300
582.883419689119	359.132124352331
588.976683937824	334.759067357513
611.608808290156	373.930051813471
595.069948186528	373.930051813471
655.132124352332	336.500000000000
676.023316062176	337.370466321243
710.841968911917	368.707253886010
704.748704663212	407.007772020725
716.064766839378	393.950777202072
732.603626943005	386.116580310880
696.914507772021	332.147668393782
711.712435233161	332.147668393782
746.531088082902	333.888601036269
748.272020725389	380.023316062176
423.588082901554	317.349740932642
523.691709844560	302.551813471502
511.505181347150	274.696891191710
523.691709844560	267.733160621761
559.380829015544	279.049222797927
536.748704663212	289.494818652849
145.909326424870	274.696891191710
89.3290155440413	287.753886010362
128.500000000000	294.717616580311
102.386010362694	244.230569948186
118.054404145078	232.044041450777
185.950777202072	212.893782383419
165.059585492228	207.670984455958
212.935233160622	212.893782383419
180.727979274611	245.101036269430
198.137305699482	244.230569948186
162.448186528497	245.971502590673
240.790155440414	220.727979274611
243.401554404145	189.391191709844
272.126943005181	229.432642487046
303.463730569948	212.893782383419
313.038860103627	170.240932642487
346.987046632124	268.603626943005
367.007772020725	243.360103626943
372.230569948187	192.873056994818
366.137305699482	165.888601036269
341.764248704663	174.593264248704
298.240932642487	141.515544041450
245.142487046632	151.961139896373
101.515544041451	174.593264248704
81.4948186528496	150.220207253886
38.8419689119170	234.655440414507
18.8212435233159	266.862694300518
84.9766839378237	207.670984455958
116.313471502591	144.997409326424
160.707253886010	158.924870466321
212.935233160622	256.417098445596
249.494818652850	247.712435233160
276.479274611399	282.531088082901
327.836787564767	214.634715025906
324.354922279793	287.753886010362
386.158031088083	230.303108808290
401.826424870466	218.987046632124
400.085492227979	238.137305699482
380.064766839378	271.215025906735
440.997409326425	287.753886010362
407.919689119171	286.012953367875
456.665803108808	259.028497409326
477.556994818653	261.639896373057
448.831606217617	207.670984455958
396.603626943005	193.743523316062
367.007772020725	148.479274611399
513.246113989637	243.360103626943
455.795336787565	186.779792746114
433.163212435233	181.556994818652
478.427461139896	176.334196891191
512.375647668394	198.095854922279
554.158031088083	198.966321243523
546.323834196891	245.101036269430
605.515544041451	251.194300518134
575.919689119171	312.997409326425
608.997409326425	305.163212435233
641.204663212435	311.256476683938
625.536269430052	332.147668393782
689.950777202073	294.717616580311
660.354922279793	240.748704663212
690.821243523316	212.893782383419
713.453367875648	269.474093264248
733.474093264249	289.494818652849
736.955958549223	253.805699481865
751.753886010363	238.137305699482
606.386010362694	225.080310880829
586.365284974093	225.950777202072
561.121761658031	237.266839378238
607.256476683938	201.577720207254
622.924870466321	211.152849740932
590.717616580311	171.111398963730
399.215025906736	150.220207253886
423.588082901554	158.054404145077
459.277202072539	153.702072538860
498.448186528497	138.904145077720
540.230569948187	142.386010362694
556.769430051814	163.277202072539
577.660621761658	136.292746113989
636.852331606218	144.126943005181
661.225388601037	176.334196891191
702.137305699482	156.313471502590
57.1217616580310	50.5518134715028
23.1735751295335	117.577720207254
44.0647668393781	141.080310880829
75.4015544041450	108.002590673575
93.6813471502590	99.2979274611402
100.645077720207	62.7383419689122
82.3652849740931	41.8471502590676
88.4585492227978	11.3808290155443
116.313471502591	27.0492227979277
148.520725388601	81.0181347150262
146.779792746114	50.5518134715028
160.707253886010	45.3290155440417
153.743523316062	126.282383419689
225.121761658031	125.411917098446
192.914507772021	79.2772020725391
185.950777202072	20.9559585492230
212.064766839378	52.2927461139899
226.862694300518	86.2409326424873
261.681347150259	120.189119170985
251.235751295337	81.0181347150262
233.826424870466	32.2720207253888
276.479274611399	71.4430051813474
312.168393782383	119.318652849741
301.722797927461	81.0181347150262
337.411917098446	87.1113989637308
359.173575129534	21.8264248704666
367.007772020725	78.4067357512956
402.696891191710	32.2720207253888
410.531088082902	56.6450777202075
288.665803108808	20.0854922279795
309.556994818653	23.5673575129536
231.215025906736	15.7331606217619
153.743523316062	11.3808290155443
385.287564766839	48.8108808290158
439.256476683938	46.1994818652852
454.054404145078	89.7227979274614
417.494818652850	108.873056994819
436.645077720207	121.930051813472
462.759067357513	130.634715025907
472.334196891192	45.3290155440417
503.670984455959	69.7020725388604
512.375647668394	31.4015544041453
509.764248704663	53.1632124352334
524.562176165803	58.3860103626946
535.007772020726	27.0492227979277
545.453367875648	55.7746113989639
549.805699481865	90.5932642487049
524.562176165803	99.2979274611402
494.966321243523	90.5932642487049
414.883419689119	7.89896373057019
563.733160621762	27.0492227979277
575.049222797928	65.3497409326428
588.106217616581	25.3082901554407
590.717616580311	86.2409326424873
619.443005181347	100.168393782384
640.334196891192	75.7953367875650
636.852331606218	50.5518134715028
630.759067357513	26.1787564766842
649.909326424871	99.2979274611402
669.059585492228	114.966321243524
670.800518134715	77.5362694300521
692.562176165803	111.484455958549
710.841968911917	114.095854922280
716.935233160622	40.1062176165805
691.691709844560	32.2720207253888
740.437823834197	54.0336787564769
757.847150259068	24.4378238341971
755.235751295337	213.329015544042
744.790155440415	149.784974093265
142.100921128383	961.930051813471
229.147553252735	1181.28756476684
430.225273459988	1165.61917098446
481.582786413356	1082.92487046632
397.147553252734	937.556994818653
341.437708693149	841.805699481865
315.323719055843	834.841968911917
540.774496257915	1113.39119170984
772.318537708692	1030.69689119171
648.712320092112	968.023316062176
528.587967760506	1008.93523316062
512.049107656879	929.722797927461
473.748589522164	885.329015544041
555.971963154864	790.448186528498
296.572999424295	661.619170984457
757.049683362117	743.443005181348
771.847610823257	696.437823834198
788.386470926884	689.474093264250
807.536729994241	685.992227979275
743.992688543464	790.448186528498
667.391652274035	759.981865284975
865.857973517557	761.722797927462
1623.45221646517	1952.52072538860
1516.38485895221	1936.85233160622
1221.29677605066	1841.97150259067
1211.72164651698	1756.66580310881
1287.45221646517	1693.99222797927
1299.63874496258	1667.00777202072
1343.16206102475	1727.94041450777
1477.21387449625	1809.76424870466
1546.85118019574	1796.70725388601
1585.15169833045	1837.61917098446
881.247495682207	1185.63989637306
914.325215889461	1277.90932642487
973.516925734020	1203.04922279793
1009.20604490500	1301.41191709844
947.402936096715	1308.37564766839
1037.93143350604	1346.67616580311
1111.92107081174	1293.57772020725
1064.91588946459	1257.01813471502
1171.11278065630	1307.50518134715
1144.12832469775	1297.05958549223
1271.21640759931	1411.09067357513
1308.64645941278	1372.79015544041
1227.69309153713	1391.94041450777
1373.93143350604	1429.37046632124
1582.84335060449	1337.10103626943
1016.52487046632	1014.15803108808
870.286528497407	1033.30829015544
841.561139896371	1071.60880829015
870.286528497407	1106.42746113989
1013.04300518134	823.525906735750
959.074093264246	751.277202072537
924.255440414505	732.997409326423
922.514507772018	769.556994818651
1024.35906735751	796.541450777200
991.281347150257	820.914507772019
1047.86165803109	810.468911917097
1073.97564766839	778.261658031086
1093.12590673575	805.246113989636
1069.62331606217	799.152849740931
1142.74248704663	914.054404145076
1114.88756476684	889.681347150257
1200.19326424870	850.510362694299
1164.50414507772	868.790155440413
1194.97046632124	811.339378238340
1210.63886010362	825.266839378237
1228.04818652849	833.971502590672
1221.95492227979	785.225388601035
1217.60259067357	758.240932642485
1241.10518134715	747.795336787563
1238.49378238342	778.261658031086
1265.47823834197	774.779792746112
1313.35388601036	885.329015544040
1297.68549222798	913.183937823832
1303.77875647668	953.225388601034
1269.83056994818	970.634715025905
1315.09481865285	981.080310880827
1302.03782383419	1018.51036269430
1333.37461139896	960.189119170983
1329.02227979274	928.852331606216
1336.85647668394	900.997409326423
1311.61295336787	840.064766839377
1338.59740932642	816.562176165801
1303.77875647668	820.044041450776
1429.12590673575	982.821243523314
1443.05336787565	947.132124352330
1468.29689119171	952.354922279791
1110.53523316062	766.075129533677
1123.59222797927	760.852331606216
997.438399539433	720.810880829014
1050.53684513529	684.251295336786
1019.20005757052	686.862694300517
897.334772596428	701.660621761657
885.148244099019	663.360103626942
797.231145653423	605.909326424870
827.697466896946	638.987046632123
846.847725964304	666.841968911916
934.764824409900	647.691709844559
950.433218192283	626.800518134714
981.770005757050	642.468911917097
951.303684513526	561.515544041450
1027.90472078296	652.044041450776
1052.27777777778	645.950777202071
1075.78036845135	655.525906735750
1129.74928036845	709.494818652849
1153.25187104202	704.272020725387
1094.93062751871	636.375647668393
1124.52648244099	638.116580310880
1158.47466896948	626.800518134714
1171.53166378814	562.386010362693
1200.25705238917	548.458549222797
1223.75964306275	553.681347150258
1242.03943580886	551.069948186528
1255.96689694876	550.199481865284
1282.08088658607	563.256476683937
1319.51093839954	544.106217616579
1237.68710420265	665.971502590673
1200.25705238917	677.287564766838
1284.69228554980	538.883419689118
1276.85808865860	616.354922279792
1295.13788140472	611.132124352331
1324.73373632700	585.018134715025
1376.09124928037	572.831606217616
1355.20005757052	615.484455958548
1403.94617156016	567.608808290155
1430.93062751871	586.759067357512
1433.54202648244	564.997409326424
1376.96171560161	518.862694300517
1318.64047207829	521.474093264248
1236.81663788140	520.603626943004
1254.22596430627	513.639896373056
1491.86327000575	598.075129533678
1280.33995394358	722.551813471501
1301.23114565342	723.422279792745
1456.17415083477	840.935233160620
1491.86327000575	860.955958549221
1480.54720782959	829.619170984455
1474.45394358088	898.386010362693
1488.38140472078	948.002590673574
1447.46948762233	904.479274611398
1419.61456534254	902.738341968911
775.691940126652	395.256476683938
780.044271732870	364.790155440415
760.894012665512	359.567357512953
793.971732872766	325.619170984456
766.987276914217	340.417098445596
846.199712147378	309.080310880829
867.090903857222	298.634715025907
815.733390903854	343.898963730570
823.567587795046	417.888601036269
813.121991940124	433.556994818653
793.971732872766	421.370466321244
763.505411629243	437.038860103627
771.339608520435	442.261658031088
814.862924582611	459.670984455959
849.681577432352	423.111398963731
865.349971214735	417.888601036269
861.868105929761	394.386010362694
843.588313183647	380.458549222798
875.795567069657	423.111398963731
887.982095567067	408.313471502591
877.536499712144	365.660621761658
901.909556706963	383.069948186528
894.075359815771	300.375647668394
928.023546344269	301.246113989637
925.412147380538	341.287564766839
931.505411629243	376.106217616580
918.448416810590	419.629533678756
957.619401266549	457.930051813471
925.412147380538	463.152849740933
875.795567069657	447.484455958549
950.655670696600	433.556994818653
940.210074841678	415.277202072539
955.008002302818	410.924870466321
955.008002302818	327.360103626943
953.267069660331	299.505181347150
975.028727691419	321.266839378238
1003.75411629246	323.878238341969
984.603857225098	365.660621761658
1015.94064478986	361.308290155440
1016.81111111111	389.163212435233
1036.83183649971	467.505181347150
1016.81111111111	481.432642487047
984.603857225098	512.769430051813
1008.97691421992	514.510362694301
1049.01836499712	513.639896373057
1033.34997121474	509.287564766839
1057.72302820955	498.841968911917
1070.78002302821	470.116580310881
1087.31888313183	477.950777202072
1051.62976396085	431.816062176166
1036.83183649971	380.458549222798
1047.27743235463	349.992227979275
1061.20489349453	326.489637305700
1065.55722510075	292.541450777202
1119.52613701784	311.691709844560
1136.93546344271	316.914507772021
1149.99245826137	318.655440414508
1116.91473805411	363.919689119171
1144.76966033391	361.308290155440
1086.44841681059	407.443005181347
1068.16862406448	396.126943005181
1130.84219919401	403.090673575130
1107.33960852043	401.349740932643
1177.84738054116	372.624352331606
1156.08572251007	454.448186528497
1176.97691421992	439.650259067357
1180.45877950489	417.888601036269
1194.38624064479	367.401554404145
1210.05463442717	427.463730569948
1186.55204375360	483.173575129534
1223.98209556707	479.691709844560
1251.83701784686	459.670984455959
1245.74375359815	431.816062176166
1230.94582613701	409.183937823834
1277.08054116292	439.650259067357
1304.93546344271	479.691709844560
1331.04945308002	454.448186528497
1322.34478986758	479.691709844560
1333.66085204375	487.525906735751
1357.16344271733	485.784974093264
1392.85256188831	455.318652849741
1399.81629245826	506.676165803109
1374.57276914220	485.784974093264
1422.44841681059	503.194300518135
1441.59867587795	509.287564766839
1459.00800230282	440.520725388601
1458.13753598157	510.158031088083
1208.31370178468	336.064766839378
1256.18934945308	326.489637305700
1272.72820955670	347.380829015544
1299.71266551525	363.049222797927
1316.25152561888	349.121761658031
1348.45877950489	360.437823834197
1344.97691421992	396.126943005181
1354.55204375359	390.033678756477
1365.86810592976	349.121761658031
1344.97691421992	333.453367875648
1364.99763960852	324.748704663212
1393.72302820955	320.396373056995
1412.87328727691	310.821243523316
1433.76447898676	347.380829015544
1421.57795048935	354.344559585492
1395.46396085204	411.795336787565
1426.80074841681	417.888601036269
1444.21007484168	392.645077720207
1454.65567069660	373.494818652850
1473.80592976396	398.738341968912
1441.59867587795	295.152849740933
1452.91473805411	287.318652849741
1464.23080023028	303.857512953368
1478.15826137018	324.748704663212
1459.00800230282	329.971502590674
1243.13235463442	302.987046632124
1258.80074841681	302.987046632124
1275.33960852043	304.727979274611
1317.99245826137	306.468911917098
1332.79038572251	314.303108808290
1305.80592976396	327.360103626943
998.531318364994	266.427461139896
1033.34997121474	263.816062176166
1156.95618883132	291.670984455959
1195.25670696603	314.303108808290
1203.09090385722	296.893782383420
770.627806563037	145.432642487047
781.073402417959	120.189119170984
753.218480138166	114.095854922280
801.964594127804	161.971502590674
761.923143350601	168.935233160622
784.555267702933	211.588082901555
767.145941278063	185.474093264249
805.446459412778	134.116580310881
800.223661485317	118.448186528497
800.223661485317	81.0181347150258
767.145941278063	74.0544041450776
848.969775474954	90.5932642487046
824.596718480135	124.541450777202
864.638169257337	146.303108808290
884.658894645938	155.007772020725
897.715889464591	128.023316062176
866.379101899824	125.411917098446
876.824697754747	106.261658031088
897.715889464591	88.8523316062176
842.006044905006	51.4222797927460
927.311744386871	91.4637305699481
904.679620034539	60.9974093264248
828.949050086353	194.178756476684
828.078583765109	149.784974093264
863.767702936094	174.158031088083
833.301381692570	228.997409326425
845.487910189980	240.313471502591
842.876511226249	270.779792746114
828.949050086353	271.650259067358
893.363557858374	215.069948186529
936.016407599306	209.847150259067
926.441278065628	188.085492227979
915.995682210705	173.287564766839
939.498272884281	173.287564766839
951.684801381690	134.116580310881
950.814335060446	161.101036269430
967.353195164073	161.971502590674
975.187392055265	189.826424870466
955.166666666664	194.178756476684
950.814335060446	226.386010362695
952.555267702933	262.945595854923
911.643350604488	254.240932642487
934.275474956819	269.038860103627
1003.91278065630	216.810880829016
1001.30138169257	249.018134715026
1026.54490500863	217.681347150259
1031.76770293609	239.443005181347
995.208117443866	155.007772020725
1034.37910189982	114.966321243523
967.353195164073	57.5155440414507
942.980138169255	80.1476683937823
1002.17184801381	118.448186528497
1031.76770293609	54.0336787564766
1043.08376511226	192.437823834197
1046.56563039723	216.810880829016
1086.60708117444	228.126943005182
1072.67962003454	161.101036269430
1065.71588946459	137.598445595855
1120.55526770293	165.453367875648
1143.18739205527	180.251295336788
1166.68998272884	177.639896373057
1143.18739205527	217.681347150259
1106.62780656304	238.572538860104
1102.27547495682	253.370466321244
1120.55526770293	270.779792746114
1158.85578583765	243.795336787565
1183.22884283247	248.147668393783
1201.50863557858	230.738341968912
1213.69516407599	258.593264248705
1227.62262521589	203.753886010363
1253.73661485319	205.494818652850
1286.81433506045	237.702072538860
1257.21848013817	266.427461139897
1268.53454231433	286.448186528498
1319.89205526770	245.536269430052
1307.70552677029	282.966321243524
1346.00604490501	248.147668393783
1349.48791018998	291.670984455959
1378.21329879102	284.707253886011
1371.24956822107	239.443005181347
1351.22884283247	194.178756476684
1337.30138169257	168.064766839378
1290.29620034542	169.805699481865
1272.01640759931	215.940414507772
1305.96459412780	202.012953367876
1312.05785837651	147.173575129534
1286.81433506045	147.173575129534
1372.99050086356	181.992227979275
1407.80915371330	217.681347150259
1401.71588946459	191.567357512953
1377.34283246977	143.691709844560
1409.55008635578	155.007772020725
1364.28583765112	96.6865284974093
1328.59671848014	128.023316062176
1282.46200345423	103.650259067357
1305.96459412780	75.7953367875647
1353.84024179620	79.2772020725388
1339.91278065630	107.132124352332
1381.69516407599	74.9248704663211
1400.84542314335	81.0181347150258
1181.48791018998	173.287564766839
1190.19257340242	152.396373056995
1191.06303972366	134.116580310881
1195.41537132988	173.287564766839
1231.10449050086	149.784974093264
1240.67962003454	111.484455958549
1209.34283246977	107.132124352332
1165.81951640760	67.0906735751294
1135.35319516407	74.9248704663211
1121.42573402418	111.484455958549
1115.33246977547	139.339378238342
1132.74179620034	143.691709844560
1151.02158894646	119.318652849741
970.835060449047	80.1476683937823
1054.39982728843	118.448186528497
1164.94905008635	214.199481865285
1255.47754749568	133.246113989637
950.094933793894	28.7901554404145
788.188198042598	33.1424870466321
797.763327576277	59.2564766839379
809.079389752443	24.4378238341969
828.229648819800	13.1217616580311
869.141565918246	74.9248704663213
1007.54571099597	56.6450777202073
1051.06902705814	26.1787564766839
1030.17783534830	11.3808290155440
1090.24001151410	35.7538860103627
1114.61306850892	41.8471502590674
1149.43172135866	42.7176165803109
1147.69078871617	9.63989637305696
1194.69597006332	5.28756476683935
1215.58716177317	67.0906735751296
1264.33327576281	58.3860103626944
1263.46280944156	17.4740932642487
1241.70115141047	15.7331606217616
1288.70633275762	33.1424870466321
1316.56125503742	36.6243523316063
1342.67524467472	5.28756476683935
1388.80995970063	29.6606217616580
1412.31255037421	55.7746113989638
1415.79441565918	13.1217616580311
1407.96021876799	30.5310880829015
1435.81514104778	52.2927461139897
1431.46280944156	72.3134715025907
1419.27628094415	91.4637305699483
1449.74260218768	121.930051813472
1461.05866436384	134.116580310881
1425.36954519286	142.821243523316
1271.29700633275	99.2979274611400
1452.35400115141	86.2409326424872
1406.21928612550	124.541450777202
1472.37472654001	97.5569948186530
1462.79959700633	50.5518134715026
1473.24519286125	5.28756476683935
1511.54571099597	8.76943005181346
1509.80477835348	113.225388601036
1491.52498560737	141.080310880829
1460.18819804260	172.417098445596
1437.55607369027	193.308290155441
1420.14674726540	257.722797927462
1394.90322394933	276.873056994819
1455.83586643638	212.458549222798
1463.67006332757	234.220207253886
1488.91358664364	261.204663212436
1489.78405296488	205.494818652850
1495.00685089234	165.453367875648
1518.50944156592	186.344559585493
1521.99130685089	262.075129533679
1496.74778353483	310.821243523317
1508.06384571099	303.857512953368
1504.28307426597	51.4222797927460
1533.00846286701	47.0699481865283
1532.13799654576	24.4378238341967
1551.28825561312	45.3290155440413
1546.06545768566	61.8678756476683
1532.13799654576	88.8523316062176
1518.21053540587	76.6658031088082
1529.52659758203	108.002590673575
1526.04473229706	155.878238341969
1552.15872193436	119.318652849741
1552.15872193436	87.1113989637305
1570.43851468048	84.4999999999999
1576.53177892918	58.3860103626942
1566.95664939550	13.1217616580309
1601.77530224524	64.4792746113989
1601.77530224524	37.4948186528496
1618.31416234887	12.2512953367874
1620.92556131260	61.8678756476683
1596.55250431778	87.9818652849741
1580.88411053540	106.261658031088
1576.53177892918	131.505181347150
1548.67685664939	207.235751295337
1529.52659758203	233.349740932643
1555.64058721934	170.676165803109
1581.75457685664	160.230569948187
1601.77530224524	188.955958549223
1573.04991364421	208.106217616580
1594.81157167530	254.240932642487
1569.56804835923	296.893782383420
1530.39706390328	330.841968911917
1515.59913644214	329.971502590674
1588.71830742659	343.898963730570
1606.12763385146	282.966321243524
1626.14835924006	285.577720207254
1650.52141623488	298.634715025907
1622.66649395509	316.914507772021
1582.62504317789	392.645077720208
1389.38151986182	371.753886010363
1473.81675302245	431.816062176166
1531.26753022452	417.888601036270
1509.50587219343	388.292746113990
1553.02918825561	357.826424870467
1542.58359240069	396.126943005182
1533.87892918825	454.448186528498
1558.25198618307	457.930051813472
1576.53177892918	453.577720207254
1580.88411053540	434.427461139897
1578.27271157167	415.277202072539
1601.77530224524	430.075129533679
1624.40742659758	391.774611398964
1638.33488773747	377.847150259068
1660.09654576856	375.235751295337
1669.67167530224	340.417098445596
1642.68721934369	350.862694300519
1602.64576856649	488.396373056995
1627.88929188255	492.748704663213
1689.69240069084	450.966321243524
1640.94628670120	238.572538860104
1627.88929188255	212.458549222798
1638.33488773747	184.603626943005
1629.63022452504	105.391191709845
1628.75975820379	85.3704663212434
1648.78048359240	110.613989637306
1650.52141623488	61.8678756476683
1676.63540587219	57.5155440414507
1708.84265975820	77.5362694300517
1692.30379965457	45.3290155440413
1715.80639032815	34.8834196891190
1737.56804835923	99.2979274611399
1724.51105354058	87.1113989637305
1741.92037996545	79.2772020725388
1761.07063903281	72.3134715025906
1771.51623488773	55.7746113989636
1797.63022452504	85.3704663212434
1809.81675302245	108.873056994819
1795.01882556131	108.873056994819
1749.75457685664	176.769430051814
1754.10690846286	140.209844559586
1674.89447322970	131.505181347150
1682.72867012089	106.261658031088
1699.26753022452	109.743523316062
1667.93074265975	202.012953367876
1657.48514680483	220.292746113990
1713.19499136442	173.287564766839
1697.52659758203	178.510362694301
1702.74939550949	194.178756476684
1726.25198618307	188.955958549223
1705.36079447322	208.106217616580
1702.74939550949	229.867875647669
1675.76493955094	227.256476683938
1698.39706390328	283.836787564767
1667.06027633851	300.375647668394
1677.50587219343	301.246113989638
1715.80639032815	315.173575129534
1686.21053540587	379.588082901555
1714.93592400690	371.753886010363
1745.40224525043	373.494818652850
1750.62504317789	339.546632124353
1760.20017271157	320.396373056995
1737.56804835923	289.930051813472
1753.23644214162	270.779792746114
1725.38151986183	234.220207253886
1712.32452504317	243.795336787565
1753.23644214162	237.702072538860
1778.47996545768	213.329015544042
1790.66649395509	256.852331606218
1767.16390328151	246.406735751296
1739.30898100172	318.655440414508
1777.60949913644	313.432642487047
1786.31416234887	276.873056994819
1814.16908462867	295.152849740933
1770.64576856649	362.178756476684
1732.34525043177	424.852331606218
1716.67685664939	428.334196891192
1746.27271157167	393.515544041451
1780.22089810017	390.904145077721
1761.07063903281	432.686528497410
1629.63022452504	415.277202072539
1644.42815198618	445.743523316063
1666.18981001727	477.080310880830
1785.44369602763	442.261658031089
1742.79084628670	487.525906735752
1813.29861830742	380.458549222798
1698.39706390328	423.111398963731
1738.43851468048	457.930051813472
1707.97219343696	458.800518134716
1805.46442141623	480.562176165804
1801.11208981001	453.577720207254
1764.55250431778	476.209844559586
1459.27904432930	531.919689119171
1441.86971790443	543.235751295337
1485.39303396660	517.992227979275
1476.68837075417	497.971502590674
1510.63655728267	527.567357512954
1522.82308578007	509.287564766840
1561.99407023603	505.805699481866
1551.54847438111	546.717616580311
1579.40339666090	537.142487046632
1609.86971790443	541.494818652850
1638.59510650546	539.753886010363
1632.50184225676	514.510362694301
1673.41375935520	558.033678756477
1659.48629821531	538.883419689120
1691.69355210132	551.940414507772
1688.21168681634	509.287564766840
1705.62101324121	501.453367875648
1745.66246401842	517.992227979275
1756.10805987334	501.453367875648
1797.01997697178	532.790155440415
1773.51738629821	514.510362694301
1753.49666090961	576.313471502591
1728.25313759355	559.774611398964
1628.14951065054	578.924870466322
1654.26350028785	571.090673575130
1569.82826712723	605.038860103627
1551.54847438111	587.629533678757
1529.78681635002	598.945595854923
1495.83862982153	633.764248704664
1534.13914795624	638.116580310881
1329.57956246401	694.696891191710
1389.64173862982	731.256476683938
1549.80754173862	689.474093264249
1599.42412204950	678.158031088083
1587.23759355210	622.448186528498
1618.57438111686	661.619170984456
1626.40857800805	652.044041450778
1640.33603914795	692.955958549223
1682.11842256764	677.287564766840
1731.73500287852	685.121761658031
1746.53293033966	677.287564766840
1763.94225676453	679.898963730570
1698.65728267127	658.137305699482
1669.93189407023	624.189119170985
1699.52774899251	630.282383419689
1711.71427748992	653.784974093265
1780.48111686816	633.764248704664
1799.63137593552	611.132124352332
1774.38785261945	582.406735751296
1799.63137593552	582.406735751296
1567.21686816349	669.453367875648
1816.81986183073	542.365284974094
1835.97012089809	506.676165803109
1852.50898100172	448.354922279793
1839.45198618307	436.168393782384
1829.87685664939	414.406735751296
1844.67478411053	393.515544041451
1860.34317789291	413.536269430052
1848.15664939550	353.474093264249
1815.07892918825	341.287564766840
1830.74732297063	353.474093264249
1849.89758203799	325.619170984456
1875.14110535405	328.230569948187
1896.03229706389	323.007772020726
1921.27582037996	337.805699481865
1899.51416234887	359.567357512954
1877.75250431778	358.696891191710
1880.36390328151	382.199481865285
1894.29136442141	417.018134715026
1888.19810017270	436.168393782384
1870.78877374783	445.743523316062
1903.86649395509	448.354922279793
1922.14628670120	431.816062176166
1943.03747841104	396.997409326425
1916.05302245250	399.608808290156
1930.85094991364	376.106217616580
1926.49861830742	296.893782383420
1842.93385146804	249.018134715026
1871.65924006908	266.427461139896
1889.93903281519	253.370466321244
1978.72659758203	370.883419689119
1970.02193436959	395.256476683938
1981.33799654576	347.380829015544
2017.89758203799	352.603626943005
2009.19291882555	337.805699481865
2048.36390328151	342.158031088083
2059.67996545768	312.562176165803
1975.24473229705	225.515544041451
1914.31208981001	225.515544041451
1862.95457685664	210.717616580311
1907.34835924006	247.277202072539
1924.75768566493	251.629533678757
1963.92867012089	451.836787564767
1962.18773747840	423.981865284974
1978.72659758203	423.111398963731
2016.15664939550	386.551813471503
1993.52452504317	477.080310880829
1956.96493955094	479.691709844560
1901.25509499136	480.562176165803
1916.92348877374	484.914507772021
1857.73177892918	504.064766839379
1866.43644214161	523.215025906736
1884.71623488773	554.551813471503
1884.71623488773	587.629533678757
1821.17219343695	606.779792746114
1818.56079447322	665.101036269430
1862.95457685664	643.339378238342
1842.06338514680	620.707253886011
1891.67996545768	632.893782383420
1926.49861830742	621.577720207254
1903.86649395509	578.924870466322
1937.81468048358	564.126943005182
1922.14628670120	533.660621761658
1906.47789291882	546.717616580311
1936.07374784110	534.531088082902
1962.18773747840	525.826424870467
1991.78359240068	513.639896373057
2010.93385146804	524.955958549223
2026.60224525042	511.028497409327
2012.67478411053	478.821243523316
2014.41571675301	452.707253886011
2003.97012089809	427.463730569948
2031.82504317788	394.386010362695
2030.08411053540	327.360103626943
1951.74214162348	208.976683937824
1990.04265975819	223.774611398964
2031.82504317788	230.738341968912
2092.75768566493	235.961139896373
2068.38462867011	225.515544041451
2088.40535405871	211.588082901554
2072.73696027633	339.546632124352
1968.28100172711	342.158031088083
2043.14110535405	443.132124352332
2062.29136442141	407.443005181347
2074.47789291882	450.966321243524
2065.77322970638	473.598445595855
2089.27582037996	439.650259067358
2097.11001727115	405.702072538860
2045.75250431778	532.790155440415
2048.36390328151	498.841968911917
2065.77322970638	527.567357512954
2091.88721934369	486.655440414508
2013.54525043177	557.163212435233
2004.84058721933	581.536269430052
1985.69032815198	582.406735751296
1953.48307426597	579.795336787565
1935.20328151985	595.463730569948
1983.94939550949	612.002590673576
1920.40535405871	669.453367875648
2002.22918825560	629.411917098446
2037.91830742659	608.520725388601
2064.90276338514	607.650259067358
2038.78877374783	570.220207253886
2049.23436960275	666.841968911917
2001.35872193436	676.417098445596
1981.33799654576	660.748704663213
2048.36390328151	635.505181347151
2076.21882556130	660.748704663213
2070.99602763384	694.696891191710
2035.30690846286	692.955958549223
2093.62815198617	672.935233160622
1714.49009786988	7.89896373057007
1773.68180771444	26.1787564766841
1798.92533103050	36.6243523316064
1826.78025331029	50.5518134715028
1827.65071963154	7.89896373057007
1883.36056419112	23.5673575129536
1865.95123776625	9.63989637305713
1874.65590097869	77.5362694300521
1833.74398388024	99.2979274611402
1849.41237766263	86.2409326424873
1870.30356937247	101.909326424871
1892.93569372480	95.8160621761661
1923.40201496833	76.6658031088085
1913.82688543465	46.1994818652852
1926.88388025330	23.5673575129536
1954.73880253309	27.9196891191712
1974.75952792169	39.2357512953370
1986.94605641910	15.7331606217618
1964.31393206677	87.9818652849744
1969.53672999423	62.7383419689122
1921.66108232584	102.779792746114
1835.48491652273	168.064766839379
1796.31393206677	155.878238341969
1908.60408750719	199.401554404146
1885.10149683361	175.898963730570
1928.62481289579	177.639896373057
1953.86833621185	175.898963730570
1953.86833621185	155.007772020726
1993.03932066781	195.049222797928
2013.93051237765	187.215025906736
2013.06004605641	39.2357512953370
2000.00305123776	57.5155440414510
2034.82170408750	58.3860103626946
2006.09631548646	94.0751295336791
2041.78543465745	100.168393782384
2043.52636729993	77.5362694300521
2053.10149683361	40.1062176165805
2072.25175590097	13.1217616580312
2052.23103051237	5.28756476683952
2074.86315486470	51.4222797927463
2074.86315486470	71.4430051813474
2068.76989061599	113.225388601037
2094.01341393206	121.930051813472
2102.71807714449	102.779792746114
2090.53154864708	44.4585492227981
2105.32947610822	6.15803108808302
2133.18439838802	12.2512953367877
2120.12740356936	45.3290155440416
2119.25693724812	74.0544041450780
2131.44346574553	81.8886010362697
2127.09113413931	117.577720207254
2140.14812895796	104.520725388601
2154.07559009786	121.930051813472
2130.57299942428	146.303108808291
2163.65071963154	144.562176165803
2177.57818077144	118.448186528498
2168.00305123776	58.3860103626946
2186.28284398387	74.9248704663215
2126.22066781807	228.997409326425
2112.29320667817	255.981865284975
2146.24139320667	262.075129533679
2168.00305123776	267.297927461140
2181.06004605641	252.500000000001
2074.86315486470	289.930051813472
2114.03413932066	290.800518134716
2141.88906160045	296.023316062177
2116.64553828439	330.841968911918
2141.88906160045	363.049222797928
2170.61445020149	325.619170984457
2176.70771445019	350.862694300519
2107.94087507195	437.038860103628
2127.09113413931	405.702072538861
2114.03413932066	470.116580310882
2192.37610823258	328.230569948187
2171.48491652273	442.261658031089
2134.05486470926	491.007772020726
2159.29838802532	452.707253886011
2157.55745538283	495.360103626944
1599.58854346573	224.645077720208
1812.14260218767	1144.72797927461
1857.40685089233	1205.66062176166
1894.83690270580	1273.55699481865
1801.69700633274	1241.34974093264
1935.74881980425	1289.22538860104
1977.53120322394	1287.48445595855
1960.12187679907	1250.92487046632
1968.82654001150	1171.71243523316
1934.87835348300	1161.26683937824
1946.19441565917	1113.39119170984
1933.13742084052	1077.70207253886
1899.18923431202	1058.55181347150
2239.94525043178	60.1269430051814
2219.05405872194	57.5155440414509
2219.05405872194	27.9196891191710
2247.77944732298	30.5310880829016
2266.92970639033	47.9404145077721
2278.24576856650	7.02849740932646
2303.48929188256	8.76943005181352
2300.87789291883	61.8678756476685
2224.27685664940	110.613989637306
2209.47892918826	115.836787564767
2211.21986183075	155.007772020726
2165.08514680484	155.007772020726
2229.49965457686	141.950777202073
2240.81571675303	153.266839378238
2261.70690846287	128.023316062176
2277.37530224525	151.525906735751
2293.91416234888	126.282383419689
2324.38048359241	125.411917098446
2307.84162348878	152.396373056995
2337.43747841106	147.173575129534
2341.78981001728	107.132124352332
2322.63955094992	78.4067357512954
2347.88307426598	30.5310880829016
2301.74835924007	34.8834196891193
2369.64473229707	18.3445595854923
2393.14732297064	41.8471502590674
2404.46338514681	81.8886010362695
2431.44784110536	56.6450777202073
2425.35457685665	74.9248704663213
2354.84680483593	165.453367875648
2328.73281519862	211.588082901555
2315.67582037997	195.049222797928
2284.33903281520	202.883419689119
2228.62918825562	215.940414507772
2201.64473229707	247.277202072539
2212.09032815199	276.873056994819
2232.98151986184	249.888601036270
2260.83644214163	245.536269430052
2207.73799654577	366.531088082902
2204.25613126080	342.158031088083
2208.60846286702	403.090673575130
2239.94525043178	397.867875647669
2253.00224525044	370.012953367876
2255.61364421417	343.898963730570
2277.37530224525	359.567357512954
2293.91416234888	328.230569948187
2258.22504317790	282.095854922280
2370.51519861831	242.924870466321
2320.02815198619	173.287564766840
2373.99706390329	82.7590673575130
2393.14732297064	222.904145077720
2379.21986183075	202.883419689119
2384.44265975821	185.474093264249
2427.96597582038	199.401554404145
2425.35457685665	167.194300518135
2451.46856649396	175.898963730570
2463.65509499137	119.318652849741
2491.51001727116	177.639896373057
2470.61882556132	200.272020725389
2434.05924006909	242.054404145078
2353.10587219344	313.432642487047
2324.38048359241	314.303108808290
2306.10069084629	358.696891191710
2259.09550949914	412.665803108809
2251.26131260795	452.707253886011
2221.66545768567	480.562176165803
2304.35975820380	433.556994818653
2324.38048359241	446.613989637306
2313.06442141624	488.396373056995
2279.11623488774	482.303108808290
2266.92970639033	444.873056994819
2246.90898100173	477.080310880829
2366.16286701209	461.411917098446
2342.66027633852	454.448186528498
2323.51001727116	410.924870466321
2300.00742659759	414.406735751296
2355.71727115717	419.629533678757
2400.98151986184	400.479274611399
2400.98151986184	376.106217616581
2377.47892918826	372.624352331606
2372.25613126080	307.339378238342
2429.70690846287	376.106217616581
2447.98670120899	397.867875647669
2440.15250431779	435.297927461140
2419.26131260795	417.018134715026
2401.85198618308	436.168393782384
2508.04887737479	432.686528497410
2493.25094991365	396.997409326425
2469.74835924007	386.551813471503
2440.15250431779	320.396373056995
2457.56183074266	294.282383419689
2474.97115716754	325.619170984456
2503.69654576857	326.489637305700
2526.32867012090	335.194300518135
2504.56701208981	390.033678756477
2539.38566493956	363.919689119171
2536.77426597583	281.225388601036
2473.23022452505	245.536269430052
2524.58773747842	176.769430051814
2492.38048359241	105.391191709845
2514.14214162349	43.5880829015545
2553.31312607945	63.6088082901555
2553.31312607945	35.7538860103628
2585.52037996546	55.7746113989638
2595.96597582038	85.3704663212436
2548.09032815199	110.613989637306
2566.37012089810	135.857512953368
2543.73799654577	195.919689119171
2544.60846286702	222.033678756477
2517.62400690847	230.738341968912
2578.55664939551	233.349740932643
2606.41157167531	239.443005181347
2573.33385146805	184.603626943005
2590.74317789292	186.344559585492
2603.80017271158	140.209844559586
2584.64991364422	115.836787564767
2592.48411053541	16.6036269430052
2625.56183074266	12.2512953367876
2626.43229706391	102.779792746114
2626.43229706391	167.194300518135
2654.28721934370	183.733160621762
2638.61882556132	211.588082901555
2563.75872193437	328.230569948187
2534.16286701209	414.406735751296
2551.57219343697	406.572538860104
2582.03851468049	431.816062176166
2589.00224525044	448.354922279793
2600.31830742660	427.463730569948
2526.32867012090	494.489637305700
2510.66027633852	460.541450777202
2467.13696027634	484.044041450777
2493.25094991365	490.137305699482
2673.29723661485	43.5880829015545
2659.36977547496	108.873056994819
2673.29723661485	128.893782383420
2701.15215889465	126.282383419689
2687.22469775475	94.9455958549224
2702.02262521589	81.8886010362696
2705.50449050087	27.9196891191711
2677.64956822107	13.1217616580312
2683.74283246978	168.064766839378
2704.63402417962	198.531088082902
2704.63402417962	173.287564766839
2750.76873920553	210.717616580311
2742.06407599309	161.101036269430
2630.64438687392	323.878238341969
2622.81018998273	359.567357512954
2669.81537132988	235.961139896373
2662.85164075993	322.137305699482
2663.72210708118	347.380829015544
2653.27651122625	371.753886010363
2645.44231433506	395.256476683938
2628.90345423144	379.588082901555
2627.16252158895	405.702072538860
2692.44749568221	413.536269430052
2715.07962003454	390.033678756477
2707.24542314335	353.474093264249
2715.95008635579	321.266839378238
2699.41122625216	329.101036269430
2725.52521588947	273.391191709845
2767.30759930916	267.297927461140
2773.40086355786	309.950777202073
2757.73246977548	351.733160621762
2740.32314335061	321.266839378238
2729.00708117444	365.660621761658
2730.74801381693	456.189119170985
2691.57702936097	461.411917098446
2634.12625215890	472.727979274611
2608.01226252159	477.080310880829
2608.88272884283	454.448186528498
2628.90345423144	454.448186528498
2729.87754749568	433.556994818653
2737.71174438688	416.147668393783
2749.02780656304	436.168393782384
2778.62366148532	411.795336787565
2785.58739205527	430.945595854922
2813.44231433506	420.500000000000
2835.20397236615	423.111398963731
2823.88791018998	480.562176165803
2808.21951640760	287.318652849741
2791.68065630397	202.883419689119
2769.91899827289	183.733160621762
2729.87754749568	121.930051813472
2723.78428324698	93.2046632124353
2739.45267702936	30.5310880829016
2747.28687392055	108.002590673575
2763.82573402418	84.5000000000001
2769.04853195164	128.023316062176
2776.88272884283	155.007772020726
2808.21951640760	172.417098445596
2791.68065630397	133.246113989637
2790.81018998273	99.2979274611400
2813.44231433506	82.7590673575131
2820.40604490501	109.743523316062
2823.88791018998	129.764248704663
2852.61329879102	145.432642487047
2850.87236614853	166.323834196891
2827.36977547496	194.178756476684
2858.70656303973	191.567357512954
2887.43195164076	195.919689119171
2865.67029360967	217.681347150259
2861.31796200346	290.800518134715
2836.94490500864	326.489637305700
2814.31278065631	316.044041450777
2856.09516407600	327.360103626943
2877.85682210708	345.639896373057
2872.63402417962	376.976683937824
2880.46822107081	296.893782383420
2883.95008635579	322.137305699482
2861.31796200346	424.852331606218
2774.09585492228	40.9766839378240
2810.65544041451	9.63989637305713
2835.89896373057	7.02849740932652
2837.63989637306	20.9559585492229
2848.95595854922	41.8471502590675
2871.58808290156	13.1217616580312
2929.03886010363	54.9041450777203
2922.94559585492	15.7331606217618
2984.74870466321	20.0854922279794
2999.54663212435	57.5155440414509
2956.02331606218	54.9041450777203
3024.79015544042	13.1217616580312
2852.43782383420	103.650259067358
2852.43782383420	121.059585492228
2887.25647668394	116.707253886010
2889.86787564767	100.168393782384
2894.22020725389	65.3497409326426
2915.98186528498	101.038860103627
2915.11139896373	138.468911917099
2888.99740932643	151.525906735751
2920.33419689119	183.733160621762
2957.76424870467	182.862694300518
2941.22538860104	141.950777202073
2982.13730569948	137.598445595855
3010.86269430052	141.080310880829
3021.30829015544	112.354922279793
2997.80569948187	175.028497409327
2928.16839378239	229.867875647668
2875.94041450777	238.572538860104
2833.28756476684	237.702072538860
2920.33419689119	301.246113989637
2917.72279792746	321.266839378238
2937.74352331606	257.722797927461
2973.43264248705	264.686528497409
3006.51036269430	265.556994818653
3012.60362694301	286.448186528498
2949.93005181347	323.878238341969
2971.69170984456	339.546632124352
2998.67616580311	336.935233160622
2941.22538860104	416.147668393783
2868.10621761658	493.619170984456
2855.04922279793	474.468911917099
2875.06994818653	468.375647668394
2935.13212435233	479.691709844560
2959.50518134715	477.950777202073
2984.74870466321	465.764248704663
3008.25129533679	491.007772020726
2890.73834196891	236.831606217617
3036.10621761658	204.624352331606
3036.97668393783	259.463730569948
2344.95595854922	517.992227979275
2315.36010362695	548.458549222798
2371.94041450777	551.940414507772
2408.50000000000	532.790155440414
2368.45854922280	518.862694300518
2423.29792746114	509.287564766839
2418.94559585492	482.303108808290
2481.61917098446	547.588082901554
2391.09067357513	625.930051813471
2362.36528497410	618.095854922280
2351.91968911917	601.556994818653
2312.74870466321	626.800518134715
2360.62435233161	659.007772020725
2330.15803108809	657.266839378238
2324.93523316062	678.158031088083
2297.08031088083	682.510362694300
2342.34455958549	696.437823834197
2384.99740932643	685.992227979275
2378.90414507772	651.173575129533
2409.37046632125	649.432642487047
2403.27720207254	688.603626943005
2422.42746113990	691.215025906736
2443.31865284974	651.173575129533
2444.18911917099	611.132124352331
2462.46891191710	564.997409326425
2462.46891191710	607.650259067357
2505.99222797928	571.090673575129
2507.73316062176	535.401554404145
2538.19948186529	526.696891191710
2525.14248704663	558.904145077720
2526.01295336788	580.665803108808
2589.55699481866	552.810880829015
2568.66580310881	497.101036269430
2609.57772020726	525.826424870466
2660.06476683938	527.567357512953
2633.95077720207	530.178756476684
2660.93523316062	554.551813471502
2689.66062176166	519.733160621762
2680.08549222798	496.230569948186
2692.27202072539	541.494818652850
2630.46891191710	551.940414507772
2620.02331606218	584.147668393782
2575.62953367876	611.132124352331
2594.77979274612	597.204663212435
2539.06994818653	602.427461139896
2520.79015544042	623.318652849741
2466.82124352332	647.691709844560
2497.28756476684	668.582901554404
2524.27202072539	650.303108808290
2555.60880829016	655.525906735751
2569.53626943005	638.116580310881
2600.00259067358	640.727979274611
2616.54145077720	624.189119170984
2647.87823834197	581.536269430052
2714.03367875648	583.277202072539
2727.96113989638	571.090673575129
2725.34974093264	542.365284974093
2758.42746113990	534.531088082901
2783.67098445596	543.235751295337
2809.78497409327	537.142487046632
2834.15803108808	555.422279792746
2890.73834196891	542.365284974093
2898.57253886011	488.396373056995
2903.79533678757	462.282383419689
2968.20984455959	493.619170984456
2941.22538860104	565.867875647668
2881.16321243524	588.500000000000
2865.49481865285	578.054404145078
2855.04922279793	559.774611398964
2894.22020725389	573.702072538860
2792.37564766840	606.779792746114
2758.42746113990	594.593264248705
2750.59326424871	616.354922279793
2721.86787564767	625.930051813471
2696.62435233161	628.541450777202
2641.78497409327	644.209844559585
2687.04922279793	651.173575129533
2657.45336787565	681.639896373057
2577.37046632125	677.287564766839
2437.22538860104	674.676165803109
2370.19948186529	712.976683937824
2358.01295336788	734.738341968912
2327.54663212435	734.738341968912
2312.74870466321	715.588082901554
2290.11658031088	726.904145077720
2402.40673575130	729.515544041451
2436.35492227979	706.883419689119
2458.98704663213	717.329015544041
2496.41709844560	704.272020725388
2542.55181347150	679.898963730570
2557.34974093264	726.904145077720
2586.07512953368	706.883419689119
2607.83678756477	734.738341968912
2604.35492227979	700.790155440414
2600.87305699482	676.417098445596
2624.37564766840	707.753886010363
2720.99740932643	676.417098445596
2718.38601036270	698.178756476684
2753.20466321244	685.121761658031
2754.07512953368	647.691709844560
2784.54145077720	629.411917098445
2789.76424870467	655.525906735751
2801.95077720207	675.546632124352
2780.18911917099	686.862694300518
2828.93523316062	659.878238341969
2843.73316062176	638.116580310881
2810.65544041451	583.277202072539
2761.90932642487	570.220207253886
2642.65544041451	504.935233160622
2902.05440414508	682.510362694300
2862.01295336788	670.323834196891
2915.98186528498	591.111398963730
2895.96113989638	634.634715025907
2922.07512953368	621.577720207254
2966.46891191710	594.593264248705
2974.30310880829	576.313471502591
3002.15803108808	511.898963730570
3024.79015544042	556.292746113990
3036.10621761658	583.277202072539
3022.17875647669	607.650259067357
3000.41709844560	605.909326424870
3012.60362694301	664.230569948186
3006.51036269430	638.116580310881
3030.88341968912	644.209844559585
2989.97150259068	673.805699481865
2953.41191709845	691.215025906736
2912.50000000000	665.971502590674
2912.50000000000	700.790155440414
2857.66062176166	712.976683937824
2835.89896373057	717.329015544041
2785.41191709845	734.738341968912
2788.89378238342	712.106217616580
2760.16839378239	717.329015544041
2762.77979274612	739.961139896373
2723.60880829016	743.443005181347
2675.73316062176	739.090673575129
2647.87823834197	735.608808290155
2743.62953367876	747.795336787565
2391.96113989638	778.261658031088
2369.32901554404	764.334196891191
2384.12694300518	743.443005181347
2358.01295336788	792.189119170984
2312.74870466321	753.888601036269
2351.04922279793	831.360103626942
2387.60880829016	827.007772020725
2438.09585492228	815.691709844559
2406.75906735752	754.759067357512
2422.42746113990	755.629533678756
2463.33937823834	745.183937823834
2492.93523316062	742.572538860103
2538.19948186529	756.499999999999
2553.86787564767	781.743523316062
2519.04922279793	800.023316062176
2466.82124352332	787.836787564766
2471.17357512954	824.396373056994
2491.19430051814	823.525906735751
2490.32383419689	803.505181347150
2446.80051813472	854.862694300517
2467.69170984456	845.287564766839
2419.81606217617	804.375647668393
2417.20466321244	867.049222797927
2431.13212435233	874.883419689119
2511.21502590674	879.235751295336
2537.32901554404	860.085492227979
2616.54145077720	810.468911917098
2595.65025906736	784.354922279792
2685.30829015544	762.593264248704
2653.97150259068	797.411917098445
2693.14248704663	831.360103626942
2645.26683937824	853.121761658030
2559.09067357513	835.712435233160
2594.77979274612	823.525906735751
2579.98186528498	824.396373056994
2667.89896373057	861.826424870466
2649.61917098446	877.494818652849
2629.59844559586	889.681347150258
2594.77979274612	893.163212435233
2611.31865284974	887.069948186528
2702.71761658031	900.126943005181
2724.47927461140	892.292746113989
2745.37046632125	869.660621761657
2750.59326424871	838.323834196891
2742.75906735751	809.598445595854
2731.44300518135	795.670984455958
2766.26165803109	793.059585492227
2789.76424870466	759.981865284974
2821.10103626943	769.556994818652
2827.19430051814	794.800518134714
2803.69170984456	802.634715025906
2791.50518134715	840.935233160621
2781.05958549223	839.194300518134
2813.26683937824	846.158031088082
2841.12176165803	835.712435233160
2839.38082901555	779.132124352331
2859.40155440415	780.002590673575
2859.40155440415	883.588082901554
2881.16321243523	782.613989637305
2922.94559585492	786.095854922279
2960.37564766840	773.909326424870
2956.89378238342	750.406735751295
2996.93523316062	784.354922279792
3030.01295336788	728.645077720207
2990.84196891192	717.329015544041
3009.99222797928	726.033678756476
3011.73316062176	697.308290155440
3027.40155440415	704.272020725388
2980.39637305700	856.603626943005
2926.42746113990	860.955958549222
2897.70207253886	852.251295336787
3032.62435233161	811.339378238341
3037.84715025907	865.308290155440
2118.37541738630	527.567357512953
2104.44795624641	512.769430051814
2150.58267127231	515.380829015544
2082.68629821532	510.158031088083
2084.42723085781	550.199481865285
2073.98163500288	567.608808290155
2112.28215313760	605.038860103627
2107.92982153138	578.054404145078
2134.91427748993	562.386010362694
2117.50495106506	551.940414507772
2161.89873344848	541.494818652850
2175.82619458838	566.738341968912
2190.62412204952	549.329015544042
2211.51531375936	571.090673575130
2228.92464018423	523.215025906736
2210.64484743812	479.691709844560
2175.82619458838	482.303108808290
2270.70702360392	530.178756476684
2312.48940702361	573.702072538860
2260.26142774900	575.443005181347
2278.54122049511	568.479274611399
2203.68111686817	586.759067357513
2180.17852619459	585.888601036269
2181.04899251584	605.038860103627
2166.25106505470	630.282383419689
2158.41686816351	658.137305699481
2151.45313759356	678.158031088083
2133.17334484744	649.432642487046
2110.54122049511	632.023316062176
2109.67075417387	650.303108808290
2124.46868163501	699.919689119171
2107.92982153138	711.235751295336
2076.59303396661	724.292746113989
2114.89355210133	753.888601036269
2133.17334484744	722.551813471502
2165.38059873345	733.867875647668
2225.44277489926	692.955958549222
2188.88318940703	663.360103626943
2241.98163500288	650.303108808290
2204.55158318941	639.857512953368
2185.40132412205	635.505181347150
2217.60857800807	634.634715025906
2232.40650546920	610.261658031088
2215.86764536558	594.593264248705
2263.74329303397	621.577720207254
2264.61375935522	595.463730569948
2273.31842256765	663.360103626943
2261.13189407024	684.251295336787
2239.37023603915	737.349740932642
2246.33396660910	719.069948186528
2267.22515831895	712.976683937823
2282.89355210133	622.448186528497
2282.02308578009	773.038860103626
2097.48422567646	783.484455958548
2083.55676453656	792.189119170984
2010.43759355211	775.650259067357
2020.01272308579	755.629533678756
2163.63966609097	813.080310880828
2182.78992515832	800.893782383419
2214.12671272309	787.836787564766
2196.71738629822	801.764248704662
2216.73811168682	843.546632124351
2268.09562464019	804.375647668393
2258.52049510651	751.277202072538
2255.03862982154	849.639896373056
2239.37023603915	860.955958549222
2353.40132412205	875.753886010362
2362.10598733449	853.992227979274
2673.73293033967	606.779792746114
2692.01272308578	566.738341968912
2041.77438111687	753.888601036269
2057.44277489926	751.277202072538
2511.21502590674	932.334196891191
2388.47927461140	942.779792746113
2411.98186528498	963.670984455958
2412.85233160622	915.795336787564
2413.72279792746	894.904145077720
2586.94559585492	938.427461139896
2586.94559585492	979.339378238341
2612.18911917099	940.168393782383
2606.96632124353	910.572538860103
2699.23575129534	953.225388601036
2683.56735751296	930.593264248704
2766.26165803109	1019.38082901554
2884.64507772021	1015.02849740933
2815.87823834197	963.670984455958
2903.79533678757	940.168393782383
2764.52072538860	941.909326424870
2732.31347150259	1051.58808290155
2735.79533678757	1086.40673575129
2554.73834196891	1066.38601036269
2542.55181347150	1028.95595854922
2399.79533678757	1037.66062176166
2378.90414507772	1036.79015544041
2326.67616580311	1055.06994818653
2309.26683937824	1079.44300518135
2340.60362694301	1083.79533678756
2375.42227979275	1122.96632124352
2358.01295336788	1100.33419689119
2413.72279792746	1077.70207253886
2392.83160621762	1095.98186528497
2438.09585492228	1055.94041450777
2436.35492227979	1096.85233160622
2451.15284974093	1122.96632124352
2482.48963730570	1100.33419689119
2267.34513529073	1129.05958549223
2347.42803684514	1163.00777202072
2377.02389176742	1195.21502590674
2339.59383995395	1192.60362694300
2288.23632700058	1203.91968911917
2304.77518710421	1170.84196891192
2479.73891767415	1209.14248704663
2495.40731145654	1160.39637305699
2498.88917674151	1137.76424870466
2261.25187104203	1026.34455958549
2252.54720782959	979.339378238341
2221.21042026483	1017.63989637306
2283.88399539436	1005.45336787565
2323.05497985032	961.059585492227
2309.12751871042	939.297927461139
2301.29332181923	928.852331606216
2222.08088658607	940.168393782382
2249.06534254462	1196.08549222798
2235.13788140472	1169.10103626943
2225.56275187104	1157.78497409326
2208.15342544617	1206.53108808290
2834.15803108809	1062.90414507772
2829.80569948187	1014.15803108808
2756.68652849741	988.914507772020
2934.26165803109	1170.84196891192
2770.61398963731	1330.13730569948
2582.59326424871	1265.72279792746
2325.46580310881	1303.15284974093
2362.89585492228	1324.91450777202
2395.10310880829	1349.28756476684
2456.90621761658	1272.68652849741
2494.33626943006	1341.45336787565
2603.14455958550	1364.08549222798
2576.16010362695	1351.02849740933
2635.35181347151	1389.32901554404
2697.15492227980	1365.82642487047
2645.79740932643	1322.30310880829
2723.26891191710	1424.14766839378
2702.37772020726	1503.36010362694
2326.33626943006	1453.74352331606
2184.45025906736	1352.76943005181
2165.30000000000	1283.13212435233
2147.89067357513	1219.58808290155
2148.76113989638	1150.82124352332
2070.41917098446	1125.57772020725
2138.31554404146	1070.73834196891
2125.25854922280	1041.14248704663
2242.77150259068	1073.34974093264
2187.93212435234	1042.01295336787
2162.68860103627	1096.85233160622
2127.86994818653	1110.77979274611
2171.39326424871	1131.67098445596
2201.85958549223	1147.33937823834
2143.53834196892	1355.38082901554
2416.86476683938	1396.29274611399
2476.92694300519	1435.46373056995
2533.50725388602	1452.87305699482
2687.99107656880	1579.96113989637
2800.28123200921	1442.42746113990
2837.71128382269	1430.24093264249
2461.66983304548	1728.81088082902
2278.87190558434	1801.93005181347
2508.80259067358	1993.43264248705
2661.13419689119	1959.48445595855
2925.75595854923	1908.12694300518
3002.15803108809	1758.40673575130
3034.36528497410	1620.87305699482
3036.10621761658	1812.37564766839
2714.03367875648	1535.56735751295
2512.08549222798	1810.63471502591
2821.97150259068	1343.19430051813
2799.33937823834	1337.10103626943
2888.12694300518	1367.56735751295
2938.61398963731	1383.23575129534
2976.04404145078	1420.66580310881
2961.24611398964	1450.26165803109
2996.93523316062	1517.28756476684
2894.22020725389	1485.95077720207
3000.41709844560	1402.38601036269
3016.95595854922	1422.40673575130
3009.12176165803	1451.13212435233
2518.17875647669	1229.16321243523
1799.88975244676	699.919689119170
1826.00374208406	694.696891191709
1846.89493379391	739.090673575129
1864.30426021878	710.365284974092
1882.58405296489	741.702072538859
1886.06591824986	715.588082901554
1896.51151410479	700.790155440414
1914.79130685090	748.665803108808
1940.90529648821	742.572538860103
1980.07628094416	750.406735751295
1701.39948186529	845.287564766838
1710.97461139897	925.370466321242
1710.97461139897	910.572538860102
1709.23367875649	886.199481865284
1724.90207253887	882.717616580310
1764.07305699483	973.246113989636
1745.79326424871	934.945595854921
1709.23367875649	952.354922279791
1711.84507772022	986.303108808289
1700.52901554405	1018.51036269430
1751.88652849742	1035.04922279793
1797.15077720208	1098.59326424870
1897.25440414509	1025.47409326425
1855.47202072540	1042.88341968912
1855.47202072540	1002.84196891192
1831.96943005182	981.950777202071
1844.15595854923	948.002590673574
1826.74663212436	899.256476683936
1803.24404145079	863.567357512952
1919.01606217617	890.551813471501
1939.03678756478	918.406735751294
1925.10932642488	928.852331606216
1935.55492227980	966.282383419688
1970.37357512954	995.007772020724
1972.11450777203	1039.40155440414
1991.26476683939	1068.12694300518
2009.54455958550	1039.40155440414
2079.18186528498	971.505181347149
2031.30621761659	969.764248704662
2036.52901554405	932.334196891190
2007.80362694301	921.888601036268
2014.76735751296	894.033678756475
2031.30621761659	894.033678756475
1884.19740932643	875.753886010361
1925.10932642488	873.142487046631
2042.62227979275	1080.31347150259
2014.76735751296	1090.75906735751
2183.63782383421	982.821243523315
2145.33730569949	959.318652849740
2146.20777202073	984.562176165802
2168.83989637307	945.391191709843
2094.85025906737	894.033678756475
2107.03678756478	916.665803108807
2070.47720207255	1018.51036269430
2082.66373056996	1050.71761658031
1467.17864133565	994.137305699480
1567.28226827865	998.489637305698
1568.15273459990	959.318652849739
1561.18900402995	900.997409326423
1571.63459988487	919.277202072537
1577.72786413358	885.329015544040
1574.24599884860	865.308290155439
1577.72786413358	850.510362694299
1612.54651698332	1000.23056994818
1604.71232009212	1061.16321243523
1616.89884858953	1101.20466321243
1643.01283822684	1094.24093264249
1685.66568796777	1196.08549222798
1600.35998848591	953.225388601035
1382.74340817503	953.225388601035
1112.34409902131	969.764248704662
1164.57207829593	1003.71243523316
953.483995394372	939.297927461138
889.069487622352	944.520725388599
706.271560161212	1165.61917098445
958.178756476684	1558.63471502591
188.686528497410	1979.94041450777
59.8575129533682	1920.74870466321